0.000000 0.000000 0.000000 0.000000 0.000000 0.000000 0.000000 0.000000 0.000000 0.000000 233.100000 700.500000 933.600000
20221123.000000 0.000000 0.000000 0.000000 0.000000 0.000000 0.000000 100.000000 0.000000 0.000000 0.000000 0.000000 0.000000
20221123.000000 0.000000 0.000000 0.000000 0.000000 0.000000 0.000000 0.000000 200.000000 0.000000 0.000000 0.000000 0.000000
20221123.000000 0.000000 0.000000 0.000000 0.000000 0.000000 0.000000 0.000000 0.000000 300.000000 0.000000 0.000000 0.000000
20221123.000000 11.100000 0.000000 0.000000 0.000000 0.000000 0.000000 0.000000 0.000000 0.000000 0.000000 0.000000 0.000000
20221123.000000 0.000000 22.200000 0.000000 0.000000 0.000000 0.000000 0.000000 0.000000 0.000000 0.000000 0.000000 0.000000
20221123.000000 0.000000 0.000000 33.300000 0.000000 0.000000 0.000000 0.000000 0.000000 0.000000 0.000000 0.000000 0.000000
20221123.000000 0.000000 0.000000 0.000000 44.400000 0.000000 0.000000 0.000000 0.000000 0.000000 0.000000 0.000000 0.000000
20221123.000000 0.000000 0.000000 0.000000 0.000000 55.500000 0.000000 0.000000 0.000000 0.000000 0.000000 0.000000 0.000000
20221123.000000 0.000000 0.000000 0.000000 0.000000 0.000000 66.600000 0.000000 0.000000 0.000000 0.000000 0.000000 0.000000
20221123.000000 0.000000 0.000000 0.000000 0.000000 0.000000 0.000000 100.500000 0.000000 0.000000 0.000000 0.000000 0.000000
