0.000000 0.000000 0.000000 0.000000 0.000000 0.000000 0.000000 0.000000 0.000000 0.000000 233.100000 60.600000 293.700000
20221123.000000 0.000000 0.000000 0.000000 0.000000 0.000000 0.000000 10.100000 0.000000 0.000000 0.000000 0.000000 0.000000
20221123.000000 0.000000 0.000000 0.000000 0.000000 0.000000 0.000000 0.000000 20.200000 0.000000 0.000000 0.000000 0.000000
20221123.000000 0.000000 0.000000 0.000000 0.000000 0.000000 0.000000 0.000000 0.000000 30.300000 0.000000 0.000000 0.000000
20221123.000000 11.100000 0.000000 0.000000 0.000000 0.000000 0.000000 0.000000 0.000000 0.000000 0.000000 0.000000 0.000000
20221123.000000 0.000000 22.200000 0.000000 0.000000 0.000000 0.000000 0.000000 0.000000 0.000000 0.000000 0.000000 0.000000
20221123.000000 0.000000 0.000000 33.300000 0.000000 0.000000 0.000000 0.000000 0.000000 0.000000 0.000000 0.000000 0.000000
20221123.000000 0.000000 0.000000 0.000000 44.400000 0.000000 0.000000 0.000000 0.000000 0.000000 0.000000 0.000000 0.000000
20221123.000000 0.000000 0.000000 0.000000 0.000000 55.500000 0.000000 0.000000 0.000000 0.000000 0.000000 0.000000 0.000000
20221123.000000 0.000000 0.000000 0.000000 0.000000 0.000000 66.600000 0.000000 0.000000 0.000000 0.000000 0.000000 0.000000
