0.000000 0.000000 0.000000 0.000000 0.000000 0.000000 0.000000 0.000000 0.000000 0.000000 1036.150000 3749.519000 2713.369000
2022127.000000 654.130000 0.000000 0.000000 0.000000 0.000000 0.000000 0.000000 0.000000 0.000000 0.000000 0.000000 0.000000
2022127.000000 0.000000 0.000000 0.000000 0.000000 0.000000 0.000000 0.000000 654.130000 0.000000 0.000000 0.000000 0.000000
2022127.000000 0.000000 0.000000 0.000000 0.000000 0.000000 0.000000 321.123000 0.000000 0.000000 0.000000 0.000000 0.000000
2022127.000000 0.000000 0.000000 0.000000 0.000000 0.000000 0.000000 0.000000 321.123000 0.000000 0.000000 0.000000 0.000000
2022127.000000 0.000000 0.000000 0.000000 0.000000 0.000000 0.000000 0.000000 0.000000 321.123000 0.000000 0.000000 0.000000
20221211.000000 0.000000 0.000000 0.000000 0.000000 0.000000 0.000000 132.020000 0.000000 0.000000 0.000000 0.000000 0.000000
20221211.000000 132.020000 0.000000 0.000000 0.000000 0.000000 0.000000 0.000000 0.000000 0.000000 0.000000 0.000000 0.000000
20221211.000000 0.000000 0.000000 0.000000 0.000000 0.000000 0.000000 0.000000 0.000000 1000.000000 0.000000 0.000000 0.000000
20221211.000000 0.000000 0.000000 0.000000 0.000000 0.000000 0.000000 500.000000 0.000000 0.000000 0.000000 0.000000 0.000000
20221211.000000 0.000000 0.000000 0.000000 0.000000 0.000000 0.000000 500.000000 0.000000 0.000000 0.000000 0.000000 0.000000
20221212.000000 0.000000 200.000000 0.000000 0.000000 0.000000 0.000000 0.000000 0.000000 0.000000 0.000000 0.000000 0.000000
20221212.000000 0.000000 0.000000 0.000000 0.000000 50.000000 0.000000 0.000000 0.000000 0.000000 0.000000 0.000000 0.000000
